iea22_r050
 1.00000000  0.00723266
 0.99475979  0.00840817
 0.98951968  0.00958413
 0.98427969  0.01076066
 0.97903780  0.01192874
 0.97379568  0.01309588
 0.96855371  0.01426370
 0.96331171  0.01543138
 0.95806942  0.01659774
 0.95282634  0.01776047
 0.94758340  0.01892386
 0.94234097  0.02008951
 0.93710015  0.02126226
 0.93185988  0.02243751
 0.92662008  0.02361486
 0.92138149  0.02479776
 0.91614556  0.02599198
 0.91091093  0.02719207
 0.90567631  0.02839217
 0.90044203  0.02959378
 0.89520871  0.03079958
 0.88997710  0.03201267
 0.88474577  0.03322702
 0.87951445  0.03444138
 0.87428398  0.03565953
 0.86905427  0.03688090
 0.86382619  0.03810912
 0.85859824  0.03933794
 0.85337042  0.04056731
 0.84814364  0.04180118
 0.84291686  0.04303505
 0.83769046  0.04427044
 0.83246412  0.04550609
 0.82723788  0.04674214
 0.82201179  0.04797885
 0.81678658  0.04921936
 0.81156153  0.05046053
 0.80633634  0.05170118
 0.80111115  0.05294182
 0.79588600  0.05418266
 0.79066107  0.05542438
 0.78543545  0.05666318
 0.78020941  0.05790020
 0.77498403  0.05914016
 0.76975807  0.06037763
 0.76453163  0.06161299
 0.75930624  0.06285293
 0.75408002  0.06408924
 0.74885262  0.06532052
 0.74362511  0.06655158
 0.73839730  0.06778133
 0.73316880  0.06900812
 0.72793964  0.07023203
 0.72271033  0.07145527
 0.71748102  0.07267852
 0.71224948  0.07389238
 0.70701710  0.07510264
 0.70178405  0.07630997
 0.69655085  0.07751664
 0.69131737  0.07872206
 0.68608200  0.07991910
 0.68084562  0.08111181
 0.67560742  0.08229672
 0.67036796  0.08347603
 0.66512851  0.08465533
 0.65988906  0.08583464
 0.65464677  0.08700108
 0.64940417  0.08816608
 0.64415985  0.08932359
 0.63891313  0.09047025
 0.63366576  0.09161389
 0.62841754  0.09275357
 0.62316781  0.09388620
 0.61791739  0.09501557
 0.61266620  0.09614129
 0.60741047  0.09724587
 0.60215347  0.09834449
 0.59689665  0.09944394
 0.59163801  0.10053451
 0.58637802  0.10161845
 0.58111605  0.10269263
 0.57585282  0.10376052
 0.57058583  0.10481029
 0.56531706  0.10585096
 0.56004745  0.10688731
 0.55477680  0.10791832
 0.54950440  0.10894016
 0.54423085  0.10995593
 0.53895464  0.11095779
 0.53367440  0.11193871
 0.52839310  0.11291386
 0.52310993  0.11387868
 0.51782481  0.11483256
 0.51253866  0.11578060
 0.50725116  0.11672097
 0.50196027  0.11764217
 0.49666606  0.11854469
 0.49136960  0.11943385
 0.48607130  0.12031175
 0.48077157  0.12118088
 0.47547037  0.12204080
 0.47016736  0.12288907
 0.46485943  0.12370656
 0.45954779  0.12450010
 0.45423465  0.12528339
 0.44891953  0.12605302
 0.44360250  0.12680899
 0.43828432  0.12755662
 0.43296440  0.12829146
 0.42763768  0.12897642
 0.42230955  0.12965035
 0.41697951  0.13030903
 0.41164749  0.13095107
 0.40631418  0.13158201
 0.40097852  0.13219213
 0.39563961  0.13277286
 0.39029690  0.13331935
 0.38495198  0.13384391
 0.37960552  0.13435203
 0.37425779  0.13484653
 0.36890801  0.13531750
 0.36355693  0.13577223
 0.35820100  0.13616801
 0.35284318  0.13653815
 0.34748438  0.13689345
 0.34212423  0.13722790
 0.33676244  0.13753343
 0.33139986  0.13782336
 0.32603460  0.13805794
 0.32066730  0.13824479
 0.31529942  0.13841488
 0.30993076  0.13855842
 0.30456160  0.13867885
 0.29919214  0.13878178
 0.29382194  0.13881072
 0.28845151  0.13878931
 0.28308110  0.13874990
 0.27771111  0.13866890
 0.27234166  0.13856330
 0.26697274  0.13843362
 0.26160688  0.13821831
 0.25624298  0.13795534
 0.25088050  0.13766126
 0.24552050  0.13732455
 0.24016223  0.13696247
 0.23480674  0.13656168
 0.22946118  0.13604909
 0.22411800  0.13551078
 0.21877920  0.13492802
 0.21344458  0.13430811
 0.20811311  0.13366168
 0.20279624  0.13290997
 0.19749067  0.13208199
 0.19218933  0.13122529
 0.18689837  0.13030432
 0.18161414  0.12934603
 0.17634352  0.12831960
 0.17109885  0.12716879
 0.16586127  0.12598517
 0.16063274  0.12475989
 0.15541920  0.12347118
 0.15022663  0.12210636
 0.14506487  0.12063035
 0.13992106  0.11909031
 0.13478776  0.11751428
 0.12967239  0.11587905
 0.12460330  0.11411374
 0.11955792  0.11228143
 0.11453914  0.11037352
 0.10954008  0.10841348
 0.10456867  0.10638736
 0.09966742  0.10420095
 0.09478829  0.10196387
 0.08993130  0.09967606
 0.08511879  0.09729469
 0.08038496  0.09477126
 0.07568365  0.09218315
 0.07102967  0.08950744
 0.06641158  0.08677124
 0.06190345  0.08386523
 0.05744978  0.08087233
 0.05303143  0.07782519
 0.04871872  0.07463360
 0.04451939  0.07129811
 0.04036543  0.06790244
 0.03632464  0.06436700
 0.03245269  0.06066068
 0.02864099  0.05688713
 0.02490746  0.05303224
 0.02136418  0.04901862
 0.01795129  0.04488668
 0.01473694  0.04059000
 0.01178194  0.03612805
 0.00901130  0.03153869
 0.00653859  0.02678030
 0.00443881  0.02186102
 0.00265105  0.01680084
 0.00141352  0.01159141
 0.00053617  0.00630661
 0.00010899  0.00095307
 0.00042933 -0.00438999
 0.00112038 -0.00970488
 0.00273537 -0.01482066
 0.00471860 -0.01979212
 0.00703078 -0.02462706
 0.00983814 -0.02919564
 0.01277423 -0.03367188
 0.01604762 -0.03791899
 0.01950180 -0.04201799
 0.02303100 -0.04604836
 0.02681479 -0.04985294
 0.03068122 -0.05356876
 0.03460185 -0.05722522
 0.03870844 -0.06067768
 0.04286792 -0.06406695
 0.04707752 -0.06739127
 0.05136892 -0.07060971
 0.05573375 -0.07373518
 0.06014622 -0.07679100
 0.06460721 -0.07977110
 0.06914227 -0.08264265
 0.07374384 -0.08540874
 0.07837868 -0.08811575
 0.08303722 -0.09078046
 0.08777941 -0.09329651
 0.09255952 -0.09574186
 0.09736389 -0.09813837
 0.10220315 -0.10046020
 0.10708059 -0.10270197
 0.11200754 -0.10483842
 0.11696137 -0.10690968
 0.12192992 -0.10894397
 0.12692497 -0.11090958
 0.13197491 -0.11273620
 0.13703846 -0.11452523
 0.14212823 -0.11623641
 0.14723068 -0.11790711
 0.15235158 -0.11951999
 0.15751771 -0.12098747
 0.16269272 -0.12242236
 0.16788068 -0.12380926
 0.17308293 -0.12513887
 0.17829806 -0.12641566
 0.18354590 -0.12755738
 0.18880298 -0.12865481
 0.19406611 -0.12972276
 0.19934240 -0.13072132
 0.20462460 -0.13168536
 0.20992845 -0.13252886
 0.21524257 -0.13330532
 0.22056046 -0.13405475
 0.22588375 -0.13476436
 0.23121326 -0.13542200
 0.23655134 -0.13600488
 0.24189942 -0.13649568
 0.24725063 -0.13695056
 0.25260392 -0.13738071
 0.25796171 -0.13774784
 0.26332104 -0.13808749
 0.26868587 -0.13832737
 0.27405345 -0.13850461
 0.27942180 -0.13865603
 0.28479125 -0.13876606
 0.29016121 -0.13883307
 0.29553132 -0.13887585
 0.30090102 -0.13879538
 0.30627021 -0.13868158
 0.31163903 -0.13854556
 0.31700620 -0.13835379
 0.32237224 -0.13813647
 0.32773690 -0.13788773
 0.33309524 -0.13753182
 0.33845150 -0.13714384
 0.34380496 -0.13671583
 0.34915555 -0.13625339
 0.35450431 -0.13577004
 0.35984880 -0.13524216
 0.36518522 -0.13464266
 0.37051561 -0.13398958
 0.37584029 -0.13328966
 0.38116202 -0.13256778
 0.38647964 -0.13181524
 0.39179196 -0.13102667
 0.39710026 -0.13021255
 0.40239256 -0.12930142
 0.40767866 -0.12835415
 0.41296112 -0.12738590
 0.41823739 -0.12638388
 0.42350935 -0.12535961
 0.42877746 -0.12431545
 0.43403013 -0.12319811
 0.43927127 -0.12202800
 0.44450721 -0.12083392
 0.44973554 -0.11960649
 0.45495987 -0.11836196
 0.46017692 -0.11708691
 0.46538709 -0.11578434
 0.47058352 -0.11442950
 0.47576580 -0.11302098
 0.48094300 -0.11159369
 0.48611504 -0.11014728
 0.49127815 -0.10866903
 0.49643728 -0.10717693
 0.50159033 -0.10566388
 0.50672565 -0.10409289
 0.51185159 -0.10249147
 0.51697040 -0.10086692
 0.52208356 -0.09922448
 0.52719292 -0.09757007
 0.53229521 -0.09589382
 0.53739347 -0.09420537
 0.54247962 -0.09248153
 0.54755479 -0.09072567
 0.55262661 -0.08896001
 0.55769283 -0.08717807
 0.56275529 -0.08538536
 0.56781534 -0.08358579
 0.57287006 -0.08177118
 0.57791846 -0.07993946
 0.58296055 -0.07809076
 0.58799771 -0.07622843
 0.59303317 -0.07436147
 0.59806669 -0.07248919
 0.60309884 -0.07061316
 0.60813013 -0.06873484
 0.61315894 -0.06684994
 0.61818733 -0.06496418
 0.62321598 -0.06307913
 0.62824335 -0.06119063
 0.63327166 -0.05930464
 0.63830068 -0.05742061
 0.64333325 -0.05554624
 0.64836776 -0.05367701
 0.65340597 -0.05181751
 0.65844821 -0.04996913
 0.66349272 -0.04812709
 0.66854112 -0.04629593
 0.67359467 -0.04447937
 0.67865102 -0.04267081
 0.68371569 -0.04088556
 0.68879176 -0.03913217
 0.69387156 -0.03738971
 0.69896031 -0.03567417
 0.70405251 -0.03396923
 0.70914918 -0.03227803
 0.71425487 -0.03061531
 0.71937329 -0.02899078
 0.72450347 -0.02740261
 0.72964167 -0.02584128
 0.73478462 -0.02429602
 0.73993691 -0.02278322
 0.74509467 -0.02129008
 0.75025868 -0.01981879
 0.75544835 -0.01843740
 0.76064280 -0.01707477
 0.76584368 -0.01573744
 0.77105427 -0.01444018
 0.77627015 -0.01316568
 0.78149535 -0.01193209
 0.78674581 -0.01080474
 0.79200256 -0.00970654
 0.79726748 -0.00864970
 0.80253868 -0.00762713
 0.80781476 -0.00663122
 0.81310041 -0.00569149
 0.81840259 -0.00483869
 0.82370937 -0.00401553
 0.82902314 -0.00324214
 0.83434013 -0.00249328
 0.83966221 -0.00178481
 0.84499318 -0.00114442
 0.85033207 -0.00056373
 0.85567615 -0.00003548
 0.86102302  0.00045936
 0.86637197  0.00092930
 0.87172647  0.00132522
 0.87708807  0.00163259
 0.88245166  0.00190295
 0.88781730  0.00211858
 0.89318370  0.00230425
 0.89855202  0.00241589
 0.90392245  0.00241984
 0.90929279  0.00239424
 0.91466242  0.00231788
 0.92003070  0.00219694
 0.92539686  0.00198989
 0.93075960  0.00170016
 0.93612037  0.00137968
 0.94147909  0.00102725
 0.94683056  0.00058114
 0.95217689  0.00007270
 0.95751939 -0.00047593
 0.96285587 -0.00107830
 0.96818287 -0.00175600
 0.97350064 -0.00250564
 0.97881329 -0.00329140
 0.98412150 -0.00410609
 0.98941525 -0.00500679
 0.99470801 -0.00591357
 1.00000000 -0.00682515
